           0           1           0           0
           1           1           1           0
           2           1           2           0
           3           1           3           0
           4           1           0           1
           5           1           1           1
           6           1           2           1
           7           1           3           1
           8           1           0           2
           9           1           1           2
          10           1           2           2
          11           1           3           2
          12           1           0           3
          13           1           1           3
          14           1           2           3
          15           1           3           3
          16           2           0           0
          17           2           1           0
          18           2           2           0
          19           2           3           0
          20           2           0           1
          21           2           1           1
          22           2           2           1
          23           2           3           1
          24           2           0           2
          25           2           1           2
          26           2           2           2
          27           2           3           2
          28           2           0           3
          29           2           1           3
          30           2           2           3
          31           2           3           3
          32           3           0           0
          33           3           1           0
          34           3           2           0
          35           3           3           0
          36           3           0           1
          37           3           1           1
          38           3           2           1
          39           3           3           1
          40           3           0           2
          41           3           1           2
          42           3           2           2
          43           3           3           2
          44           3           0           3
          45           3           1           3
          46           3           2           3
          47           3           3           3
          48           4           0           0
          49           4           1           0
          50           4           2           0
          51           4           3           0
          52           4           0           1
          53           4           1           1
          54           4           2           1
          55           4           3           1
          56           4           0           2
          57           4           1           2
          58           4           2           2
          59           4           3           2
          60           4           0           3
          61           4           1           3
          62           4           2           3
          63           4           3           3
          64           5           0           0
          65           5           1           0
          66           5           2           0
          67           5           3           0
          68           5           0           1
          69           5           1           1
          70           5           2           1
          71           5           3           1
          72           5           0           2
          73           5           1           2
          74           5           2           2
          75           5           3           2
          76           5           0           3
          77           5           1           3
          78           5           2           3
          79           5           3           3
          80           6           0           0
          81           6           1           0
          82           6           2           0
          83           6           3           0
          84           6           0           1
          85           6           1           1
          86           6           2           1
          87           6           3           1
          88           6           0           2
          89           6           1           2
          90           6           2           2
          91           6           3           2
          92           6           0           3
          93           6           1           3
          94           6           2           3
          95           6           3           3
